../datasets/images_b/first_stage/1_010.jpg 642,375,673,430,0 
../datasets/images_b/first_stage/2_000.jpg 341,432,406,619,0 
../datasets/images_b/first_stage/2_016.jpg 448,470,502,610,0 
../datasets/images_b/first_stage/2_020.jpg 460,461,507,607,0 
../datasets/images_b/first_stage/2_022.jpg 462,463,525,603,0 
../datasets/images_b/first_stage/2_030.jpg 602,361,662,533,0 
../datasets/images_b/first_stage/2_060.jpg 651,398,715,562,0 
../datasets/images_b/first_stage/2_061.jpg 286,620,351,716,0 433,606,493,717,0 1131,546,1190,657,0 209,545,261,662,0 290,538,327,627,0 323,525,359,617,0 331,495,366,567,0 296,503,335,585,0 548,489,575,575,0 461,480,486,554,0 473,455,498,533,0 517,483,538,572,0 501,476,522,568,0 501,454,551,493,0 
../datasets/images_b/first_stage/2_075.jpg 1182,542,1228,642,0 523,646,596,719,0 294,678,379,717,0 220,597,285,694,0 334,537,379,636,0 326,510,362,579,0 377,505,408,586,0 497,485,548,548,0 513,454,548,516,0 623,440,665,522,0 558,493,592,563,0 582,474,618,545,0 560,441,604,500,0 549,479,575,554,0 
../datasets/images_b/first_stage/2_087.jpg 1167,521,1216,632,0 174,547,224,633,0 276,562,319,649,0 338,507,372,571,0 668,431,704,511,0 289,501,328,588,0 550,441,587,511,0 540,409,568,480,0 595,437,631,502,0 682,380,720,448,0 597,325,620,375,0 595,417,623,461,0 95,682,167,717,0 780,680,856,715,0 
../datasets/images_b/first_stage/3_000.jpg 819,378,856,456,0 789,373,824,457,0 748,353,783,431,0 706,365,741,427,0 675,343,704,417,0 645,344,679,409,0 
../datasets/images_b/first_stage/3_003.jpg 814,365,861,452,0 787,367,824,452,0 741,344,784,426,0 704,352,737,430,0 669,331,704,405,0 647,332,682,415,0 
../datasets/images_b/first_stage/3_025.jpg 741,312,782,397,0 700,314,747,406,0 639,296,689,378,0 599,299,646,387,0 561,277,605,362,0 530,280,565,362,0 
../datasets/images_b/first_stage/3_027.jpg 735,310,771,390,0 696,313,742,395,0 638,291,673,382,0 596,304,634,379,0 552,270,595,359,0 521,278,556,356,0 
../datasets/images_b/first_stage/3_029.jpg 924,485,1011,642,0 
../datasets/images_b/first_stage/3_032.jpg 957,503,1024,638,0 
../datasets/images_b/first_stage/3_042.jpg 974,536,1029,623,0 
../datasets/images_b/first_stage/3_055.jpg 1045,518,1105,637,0 
../datasets/images_b/first_stage/4_000.jpg 442,353,503,476,0 
../datasets/images_b/first_stage/4_010.jpg 459,325,526,456,0 
../datasets/images_b/first_stage/4_030.jpg 587,326,651,443,0 
../datasets/images_b/first_stage/4_031.jpg 638,295,661,340,0 486,274,512,330,0 597,215,619,252,0 693,182,714,215,0 728,176,749,203,0 658,168,675,195,0 680,183,691,209,0 
../datasets/images_b/first_stage/4_043.jpg 633,323,663,377,0 461,304,490,360,0 595,235,617,267,0 739,186,754,210,0 662,180,679,201,0 700,191,721,220,0 
../datasets/images_b/first_stage/4_055.jpg 628,384,665,443,0 431,356,459,406,0 742,201,762,231,0 702,210,728,245,0 661,190,683,223,0 584,259,614,304,0 
../datasets/images_b/first_stage/5_000.jpg 49,585,103,655,0 253,452,293,514,0 74,558,111,610,0 
../datasets/images_b/first_stage/5_004.jpg 205,507,247,570,0 0,666,39,718,0 11,626,64,680,0 
../datasets/images_b/first_stage/6_000.jpg 702,304,780,501,0 
../datasets/images_b/first_stage/6_017.jpg 824,474,928,713,0 
../datasets/images_b/first_stage/7_000.jpg 591,498,651,631,0 
../datasets/images_b/first_stage/7_020.jpg 447,387,509,506,0 
../datasets/images_b/first_stage/7_024.jpg 601,502,634,590,0 
../datasets/images_b/first_stage/7_031.jpg 604,495,648,589,0 
../datasets/images_b/first_stage/7_048.jpg 574,487,626,615,0 
../datasets/images_b/first_stage/8_016.jpg 682,316,709,384,0 
../datasets/images_b/first_stage/8_017.jpg 681,323,711,386,0 
../datasets/images_b/first_stage/8_021.jpg 685,319,714,392,0 
../datasets/images_b/first_stage/city_park_004.jpg 1249,391,1265,413,0 584,46,592,64,0 523,44,534,61,0 1239,399,1257,424,0 
../datasets/images_b/first_stage/city_park_007.jpg 1248,404,1267,427,0 1254,392,1276,417,0 584,45,592,64,0 521,44,534,64,0 
../datasets/images_b/first_stage/ezgif-frame-013.jpg 1117,366,1195,548,0 861,407,956,626,0 934,123,990,255,0 1190,133,1237,238,0 851,24,892,120,0 175,388,244,546,0 8,524,87,716,0 166,276,233,401,0 299,146,355,278,0 958,597,1069,716,0 236,154,288,276,0 360,126,424,251,0 
../datasets/images_b/first_stage/ezgif-frame-026.jpg 763,0,802,56,0 992,565,1078,715,0 1169,143,1226,277,0 958,95,995,210,0 1014,42,1064,142,0 1102,27,1152,129,0 719,133,781,268,0 845,103,895,222,0 665,133,716,263,0 470,172,521,314,0 520,120,575,246,0 677,33,710,133,0 647,24,684,103,0 518,55,573,146,0 396,86,438,193,0 351,156,402,263,0 321,141,367,255,0 276,148,325,282,0 235,134,289,267,0 821,0,851,54,0 
../datasets/images_b/first_stage/ezgif-frame-041.jpg 373,628,473,717,0 1143,112,1193,237,0 1079,73,1134,188,0 996,68,1047,181,0 932,64,984,169,0 223,238,315,388,0 645,63,696,177,0 502,53,547,156,0 715,7,750,94,0 767,77,820,191,0 823,78,873,199,0 792,5,833,88,0 270,137,327,251,0 362,111,399,213,0 395,99,432,217,0 428,106,463,211,0 472,116,511,190,0 455,90,489,201,0 
../datasets/images_b/first_stage/frame-044.jpg 711,563,804,715,0 1021,261,1095,409,0 987,151,1029,269,0 893,111,950,222,0 439,71,489,183,0 50,119,107,236,0 135,89,192,190,0 241,77,300,191,0 276,59,327,160,0 118,71,153,158,0 559,55,616,154,0 420,1,462,81,0 387,70,443,191,0 740,99,785,188,0 825,88,869,209,0 790,100,831,192,0 768,77,806,172,0 551,16,586,101,0 
../datasets/images_b/first_stage/paintball-drone_MkY0PkGT_OD2G_001.jpg 744,156,793,246,0 536,172,584,246,0 
../datasets/images_b/first_stage/paintball-drone_MkY0PkGT_OD2G_082.jpg 535,134,579,235,0 
../datasets/images_b/first_stage/paintball-drone_MkY0PkGT_OD2G_091.jpg 468,147,541,259,0 
../datasets/images_b/first_stage/paintball-drone_MkY0PkGT_OD2G_106.jpg 532,329,673,525,0 
../datasets/images_b/first_stage/paintball-drone_MkY0PkGT_OD2G_146.jpg 495,155,551,260,0 
../datasets/images_b/first_stage/paintball-drone_MkY0PkGT_OD2G_179.jpg 579,286,675,474,0 
../datasets/images_b/first_stage/Park_Kenya_010.jpg 917,415,956,492,0 730,475,765,544,0 741,538,780,616,0 1022,591,1062,667,0 856,594,896,658,0 809,606,846,685,0 786,572,816,667,0 856,559,905,628,0 822,580,859,642,0 
../datasets/images_b/first_stage/Park_Kenya_025.jpg 1004,516,1069,616,0 870,524,911,609,0 934,355,971,436,0 756,390,795,473,0 750,468,789,557,0 789,507,827,600,0 828,532,859,624,0 838,510,877,588,0 880,492,923,571,0 
../datasets/images_b/first_stage/Park_Kenya_050.jpg 1018,398,1079,526,0 973,246,1010,349,0 792,272,838,357,0 775,347,818,456,0 825,384,867,506,0 913,401,963,520,0 856,409,895,520,0 882,382,917,514,0 926,370,964,405,0 
../datasets/images_b/first_stage/Park_Kenya_185.jpg 928,181,973,273,0 742,273,784,427,0 829,244,875,401,0 869,254,918,415,0 920,269,974,411,0 836,247,878,401,0 767,257,807,413,0 798,251,837,416,0 
../datasets/images_b/first_stage/Park_Kenya_226.jpg 1220,286,1275,458,0 801,180,844,277,0 793,259,843,390,0 748,251,791,394,0 626,273,670,427,0 657,261,701,413,0 692,251,722,406,0 715,235,758,394,0 
../datasets/images_b/first_stage/Park_Kenya_299.jpg 838,279,899,441,0 1068,310,1157,476,0 636,164,680,262,0 527,177,569,291,0 818,192,856,292,0 669,304,714,475,0 766,286,813,436,0 706,291,745,444,0 736,291,765,442,0 787,255,837,415,0 
../datasets/images_b/first_stage/Savannah_Forest_000.jpg 454,273,481,319,0 733,198,750,239,0 701,180,723,220,0 537,231,559,263,0 480,268,497,316,0 
../datasets/images_b/first_stage/Savannah_Forest_017.jpg 431,338,452,396,0 744,235,765,285,0 710,214,733,259,0 456,333,478,385,0 
../datasets/images_b/first_stage/Savannah_Forest_046.jpg 806,462,839,521,0 745,399,772,456,0 
