../datasets/many_person/normal/ezgif-frame-001.jpg 477,187,499,240,0 532,161,570,241,0 486,143,517,220,0 536,69,564,139,0 300,93,326,158,0 309,41,329,98,0 428,0,448,39,0 494,15,511,61,0 234,117,266,199,0 196,120,230,194,0 99,130,137,205,0 62,123,93,186,0 49,114,75,184,0 13,114,43,186,0 0,108,20,182,0 284,36,309,89,0 211,53,228,92,0 324,3,342,38,0 274,14,291,58,0 296,15,314,59,0 562,133,584,199,0 
../datasets/many_person/normal/ezgif-frame-002.jpg 529,156,573,234,0 482,148,516,218,0 471,192,501,243,0 535,68,567,138,0 492,16,512,60,0 426,0,446,44,0 308,44,330,97,0 235,116,266,200,0 297,97,327,159,0 195,119,232,199,0 100,128,137,204,0 63,122,93,185,0 49,110,74,177,0 13,111,44,187,0 0,106,16,176,0 282,35,308,87,0 206,50,229,99,0 271,14,291,63,0 321,1,342,38,0 297,16,315,61,0 561,130,584,198,0 
../datasets/many_person/normal/ezgif-frame-003.jpg 482,148,513,224,0 529,152,573,235,0 477,190,505,253,0 561,130,584,202,0 537,64,567,134,0 495,14,512,62,0 426,1,450,45,0 303,94,328,155,0 305,45,330,98,0 287,36,313,85,0 271,17,290,60,0 320,1,341,38,0 297,13,315,55,0 204,119,236,191,0 238,116,269,195,0 101,123,140,197,0 65,121,96,182,0 48,110,77,178,0 19,113,51,187,0 0,104,22,179,0 211,51,235,92,0 
../datasets/many_person/normal/ezgif-frame-004.jpg 473,198,499,249,0 530,153,574,234,0 544,61,572,130,0 493,16,515,55,0 483,151,512,235,0 430,1,448,43,0 367,0,385,18,0 303,46,323,102,0 306,91,335,152,0 244,118,273,199,0 211,113,238,187,0 111,121,143,197,0 69,117,99,178,0 58,110,81,178,0 23,110,59,186,0 0,106,30,175,0 318,3,340,41,0 268,18,288,62,0 216,49,240,93,0 299,15,321,54,0 
../datasets/many_person/normal/ezgif-frame-005.jpg 467,205,495,254,0 479,156,509,241,0 530,142,575,221,0 546,61,574,128,0 495,14,515,59,0 431,1,451,45,0 314,3,337,40,0 365,0,383,21,0 314,92,342,150,0 248,110,283,191,0 218,114,248,187,0 224,48,245,84,0 298,47,322,100,0 263,17,285,66,0 301,10,321,52,0 115,117,154,191,0 79,118,106,176,0 64,106,91,174,0 29,108,63,178,0 3,101,28,173,0 
../datasets/many_person/normal/ezgif-frame-006.jpg 463,210,492,256,0 534,142,576,220,0 476,161,511,245,0 551,57,578,125,0 494,12,519,52,0 431,1,453,44,0 319,86,346,146,0 364,0,378,19,0 305,6,325,53,0 295,51,321,104,0 314,35,334,86,0 253,111,289,187,0 221,109,250,178,0 126,109,159,185,0 79,113,109,174,0 66,100,94,166,0 36,106,64,174,0 4,97,33,170,0 262,16,280,65,0 228,45,249,89,0 
../datasets/many_person/normal/ezgif-frame-007.jpg 461,217,486,266,0 472,160,508,242,0 530,137,574,212,0 552,55,583,125,0 494,8,517,51,0 435,3,457,46,0 361,0,379,24,0 318,36,342,87,0 323,88,350,141,0 259,106,290,183,0 229,106,259,177,0 291,51,317,105,0 233,46,254,80,0 256,21,277,66,0 136,110,168,185,0 89,110,115,170,0 71,103,98,167,0 39,97,68,174,0 12,98,42,168,0 308,6,331,53,0 
../datasets/many_person/normal/ezgif-frame-008.jpg 459,217,489,277,0 471,169,507,245,0 533,130,576,212,0 557,51,583,119,0 326,82,357,142,0 438,2,456,47,0 494,8,519,53,0 264,100,295,177,0 234,104,263,178,0 138,106,169,178,0 90,110,124,165,0 76,99,103,164,0 43,98,70,172,0 15,94,42,164,0 287,50,310,110,0 359,0,373,24,0 233,40,259,94,0 251,17,273,69,0 313,5,331,55,0 
../datasets/many_person/normal/ezgif-frame-009.jpg 459,224,487,282,0 467,174,505,258,0 534,127,575,201,0 559,50,586,116,0 497,7,519,51,0 439,0,459,49,0 333,82,362,141,0 273,102,301,178,0 242,99,267,170,0 285,52,311,112,0 336,37,356,89,0 315,6,335,52,0 355,0,373,24,0 243,42,262,91,0 247,19,267,61,0 146,104,182,173,0 97,107,127,163,0 46,96,77,168,0 84,99,111,165,0 18,91,49,163,0 
../datasets/many_person/normal/ezgif-frame-019.jpg 457,286,486,335,0 452,226,491,295,0 537,87,572,156,0 399,39,430,92,0 462,11,485,59,0 533,4,552,51,0 504,1,527,38,0 318,74,342,145,0 289,76,314,143,0 371,64,398,121,0 249,70,282,131,0 213,74,238,140,0 138,86,164,139,0 124,76,147,138,0 97,76,122,143,0 76,73,101,137,0 211,28,232,78,0 283,24,303,75,0 270,20,292,65,0 325,1,342,38,0 343,0,366,34,0 
../datasets/many_person/normal/ezgif-frame-020.jpg 458,297,490,336,0 451,227,492,300,0 539,87,576,153,0 410,40,432,95,0 464,12,485,58,0 530,8,548,52,0 504,0,525,36,0 375,62,400,115,0 320,73,346,144,0 289,75,317,144,0 216,73,242,136,0 248,73,276,136,0 143,83,166,136,0 102,78,126,143,0 130,74,153,135,0 83,73,103,134,0 289,24,307,73,0 266,21,289,64,0 208,35,229,79,0 322,0,341,39,0 346,0,363,36,0 
../datasets/many_person/normal/ezgif-frame-021.jpg 464,305,495,337,0 455,237,491,316,0 542,85,576,144,0 380,60,407,112,0 415,42,444,95,0 468,14,488,59,0 527,8,546,52,0 509,0,526,38,0 320,74,348,140,0 292,76,319,135,0 245,76,275,135,0 220,70,247,130,0 148,80,171,133,0 130,71,154,129,0 106,75,130,139,0 86,70,117,134,0 205,37,225,83,0 293,23,311,70,0 261,23,289,62,0 318,4,339,39,0 349,0,367,33,0 
../datasets/many_person/normal/ezgif-frame-022.jpg 457,243,492,309,0 544,79,571,140,0 416,42,452,100,0 468,14,492,60,0 322,67,350,138,0 383,62,409,110,0 299,70,323,135,0 244,79,266,133,0 224,64,251,127,0 299,23,317,68,0 260,22,282,64,0 201,38,222,83,0 154,81,174,137,0 136,74,160,134,0 113,76,140,137,0 94,68,119,133,0 318,4,334,43,0 350,0,369,34,0 512,0,527,32,0 527,10,546,55,0 
../datasets/many_person/normal/ezgif-frame-023.jpg 458,247,496,326,0 544,76,574,139,0 430,45,455,97,0 468,15,493,64,0 527,9,545,60,0 382,57,412,106,0 326,68,356,136,0 301,71,327,134,0 237,79,271,139,0 153,78,176,132,0 115,71,140,136,0 99,68,122,128,0 193,36,220,89,0 251,29,281,67,0 302,23,326,72,0 312,2,329,44,0 351,0,374,30,0 
../datasets/many_person/normal/ezgif-frame-024.jpg 453,259,498,335,0 542,74,573,137,0 433,43,465,98,0 471,17,497,63,0 526,12,541,58,0 517,0,530,31,0 391,58,409,109,0 327,65,359,127,0 306,69,327,131,0 231,82,258,142,0 158,78,182,126,0 122,72,145,131,0 106,67,127,130,0 143,66,167,125,0 192,36,217,85,0 252,27,275,65,0 308,23,326,65,0 308,3,325,36,0 355,0,377,28,0 
../datasets/many_person/normal/ezgif-frame-025.jpg 459,262,504,332,0 544,69,576,139,0 474,17,498,65,0 391,53,414,104,0 440,42,464,101,0 337,62,360,130,0 303,62,333,122,0 224,82,254,141,0 234,61,264,117,0 248,26,272,68,0 310,23,331,64,0 158,77,187,124,0 148,66,167,126,0 125,69,149,130,0 107,67,133,128,0 354,0,376,30,0 521,11,539,57,0 
../datasets/many_person/normal/ezgif-frame-026.jpg 468,269,510,336,0 545,68,579,130,0 450,47,473,100,0 474,18,496,68,0 516,11,538,61,0 397,53,422,104,0 339,59,365,129,0 309,64,336,122,0 214,83,247,148,0 320,18,338,64,0 383,0,401,25,0 360,0,373,25,0 301,8,319,49,0 239,58,276,113,0 239,25,271,70,0 188,38,209,86,0 166,74,193,122,0 149,67,172,122,0 133,72,154,134,0 114,58,133,125,0 
../datasets/many_person/normal/ezgif-frame-027.jpg 467,279,517,337,0 548,68,580,128,0 453,47,478,101,0 480,21,503,70,0 513,13,538,59,0 398,50,425,106,0 347,59,367,122,0 315,57,342,120,0 212,85,248,147,0 250,59,278,111,0 237,28,264,70,0 319,17,342,60,0 296,8,319,52,0 136,66,155,131,0 182,41,201,93,0 170,73,188,124,0 154,64,176,119,0 116,60,141,125,0 
../datasets/many_person/normal/ezgif-frame-028.jpg 474,284,517,337,0 547,63,583,126,0 505,11,529,63,0 456,46,481,102,0 476,23,504,67,0 401,49,426,99,0 347,55,373,120,0 320,62,347,122,0 254,53,277,113,0 204,87,238,147,0 295,10,319,51,0 323,11,344,61,0 175,39,203,93,0 155,60,181,119,0 174,69,194,121,0 138,66,165,132,0 121,61,147,127,0 
../datasets/many_person/normal/ezgif-frame-029.jpg 478,291,522,334,0 470,49,492,97,0 552,63,583,119,0 481,22,505,70,0 496,12,526,63,0 405,46,422,95,0 345,56,377,119,0 326,56,346,118,0 327,15,349,60,0 292,7,311,51,0 259,56,286,109,0 199,90,231,150,0 229,31,256,76,0 126,63,147,120,0 146,69,168,127,0 179,68,197,117,0 164,59,187,117,0 177,42,196,85,0 
../datasets/many_person/normal/ezgif-frame-030.jpg 552,60,585,117,0 486,304,529,336,0 472,48,497,102,0 504,18,522,64,0 481,23,504,69,0 410,45,429,93,0 352,52,384,118,0 330,52,350,114,0 261,49,292,103,0 191,94,230,155,0 130,60,154,117,0 150,61,175,120,0 165,59,186,109,0 180,68,201,112,0 225,32,252,80,0 173,46,189,81,0 288,13,310,57,0 332,13,355,56,0 524,0,540,26,0 
../datasets/many_person/normal/ezgif-frame-031.jpg 182,94,215,154,0 136,56,160,119,0 155,61,178,125,0 183,63,204,108,0 174,55,192,103,0 266,44,298,108,0 554,54,584,121,0 487,50,500,94,0 488,24,509,72,0 499,18,521,62,0 407,45,435,94,0 356,50,379,113,0 331,53,355,115,0 287,13,307,57,0 220,32,252,81,0 333,11,355,58,0 529,0,540,20,0 366,0,387,30,0 
../datasets/many_person/normal/ezgif-frame-032.jpg 552,55,582,110,0 272,45,298,106,0 337,51,354,111,0 359,48,386,114,0 409,42,437,93,0 491,50,507,84,0 492,27,512,69,0 340,11,360,55,0 283,14,301,60,0 217,38,243,80,0 176,98,207,158,0 159,62,182,124,0 140,55,164,119,0 188,61,208,104,0 177,55,197,100,0 366,0,382,32,0 
../datasets/many_person/normal/ezgif-frame-033.jpg 550,55,580,111,0 493,28,513,72,0 495,49,513,88,0 415,42,439,90,0 364,46,386,109,0 337,49,362,107,0 277,43,302,98,0 278,16,301,59,0 343,8,361,53,0 364,1,378,30,0 194,63,213,111,0 166,96,207,159,0 165,60,187,111,0 178,52,201,104,0 148,56,167,116,0 211,38,235,82,0 531,0,543,18,0 
../datasets/many_person/normal/ezgif-frame-034.jpg 549,51,580,108,0 500,53,522,94,0 496,27,514,78,0 487,22,504,71,0 417,38,437,91,0 366,44,390,110,0 342,43,364,108,0 281,41,307,98,0 274,16,293,63,0 162,97,196,158,0 197,62,217,101,0 209,40,231,83,0 184,50,202,99,0 169,60,191,106,0 153,55,178,109,0 347,9,365,50,0 361,0,378,34,0 
../datasets/many_person/normal/ezgif-frame-035.jpg 156,101,188,162,0 549,49,583,108,0 507,52,529,96,0 498,30,518,78,0 484,20,504,70,0 420,34,443,87,0 368,42,396,107,0 345,45,366,100,0 282,39,309,90,0 352,9,369,48,0 268,18,295,63,0 199,56,219,100,0 188,50,208,97,0 176,58,192,109,0 162,54,180,104,0 148,50,166,97,0 198,38,230,77,0 
../datasets/many_person/normal/ezgif-frame-036.jpg 544,47,577,105,0 512,52,536,108,0 501,30,519,79,0 476,24,501,75,0 423,39,447,90,0 372,43,395,102,0 344,45,369,100,0 146,104,185,168,0 288,40,315,90,0 262,21,281,62,0 355,6,372,48,0 147,54,165,105,0 182,57,198,106,0 165,52,182,110,0 206,60,222,98,0 195,53,211,97,0 
../datasets/many_person/normal/ezgif-frame-037.jpg 137,104,174,167,0 377,41,400,104,0 429,33,447,87,0 288,37,315,87,0 348,42,373,98,0 139,57,163,103,0 167,51,188,106,0 186,56,204,112,0 211,56,226,96,0 196,50,214,96,0 258,20,278,70,0 477,25,496,75,0 502,32,520,83,0 517,52,538,106,0 546,44,576,102,0 356,8,378,45,0 347,0,365,39,0 
../datasets/many_person/normal/ezgif-frame-038.jpg 503,33,524,80,0 523,52,542,110,0 543,42,573,96,0 473,25,499,77,0 426,33,451,84,0 379,42,404,102,0 353,42,376,95,0 292,33,318,87,0 250,22,275,68,0 345,1,360,41,0 364,4,380,41,0 210,54,233,96,0 136,55,160,112,0 171,49,192,107,0 189,53,207,105,0 131,106,167,174,0 
../datasets/many_person/normal/ezgif-frame-039.jpg 525,53,548,109,0 542,42,570,96,0 471,29,496,81,0 505,31,527,84,0 382,37,405,98,0 353,40,377,95,0 294,32,324,88,0 121,110,163,179,0 133,58,158,115,0 173,46,198,104,0 193,53,211,98,0 205,44,220,91,0 218,56,231,91,0 247,24,266,70,0 343,3,359,42,0 365,1,381,45,0 429,35,453,79,0 
../datasets/many_person/normal/ezgif-frame-040.jpg 118,111,152,174,0 528,55,551,110,0 542,39,564,88,0 469,31,490,82,0 508,37,530,90,0 434,33,460,76,0 383,39,412,93,0 357,39,382,97,0 300,31,326,83,0 337,3,358,40,0 368,1,388,45,0 240,26,265,72,0 217,54,238,88,0 206,43,230,96,0 196,51,215,102,0 182,50,206,101,0 129,61,158,116,0 
../datasets/many_person/normal/ezgif-frame-041.jpg 110,113,144,178,0 128,66,149,118,0 168,49,190,96,0 187,48,203,102,0 202,45,216,102,0 539,55,559,113,0 509,37,533,85,0 469,31,489,84,0 438,33,461,80,0 386,36,411,94,0 361,36,384,91,0 368,2,391,43,0 331,5,350,44,0 304,29,329,79,0 233,20,254,69,0 224,52,238,86,0 213,42,229,87,0 
