../datasets/many_person/rotate/frame-042.png 364,283,408,336,0 459,109,498,193,0 449,66,478,122,0 271,27,298,78,0 251,3,267,47,0 410,46,434,100,0 395,44,410,104,0 378,44,397,104,0 355,47,374,90,0 365,40,383,88,0 350,26,366,75,0 31,51,60,108,0 135,29,160,76,0 184,33,210,92,0 210,37,238,90,0 204,2,228,41,0 107,30,134,87,0 69,37,92,88,0 48,37,68,83,0 
../datasets/many_person/rotate/frame-043.png 355,275,394,336,0 465,116,501,186,0 458,66,482,122,0 413,49,443,102,0 389,45,410,100,0 375,44,391,97,0 364,41,380,88,0 352,49,370,82,0 269,24,291,77,0 253,7,273,50,0 209,36,234,88,0 183,31,208,89,0 129,28,154,77,0 108,33,139,88,0 69,38,89,89,0 29,56,61,115,0 49,32,74,85,0 201,1,218,40,0 357,29,373,61,0 
../datasets/many_person/rotate/frame-044.png 342,267,380,337,0 475,118,514,193,0 459,70,485,128,0 417,52,445,105,0 24,58,52,114,0 112,35,139,90,0 182,28,204,89,0 208,31,229,91,0 65,41,89,91,0 55,32,73,76,0 128,28,156,74,0 264,24,289,77,0 387,43,406,101,0 347,49,365,83,0 373,46,389,91,0 357,40,375,80,0 258,7,273,46,0 196,1,220,36,0 
../datasets/many_person/rotate/frame-045.png 480,122,519,199,0 327,257,372,336,0 466,71,488,128,0 419,54,455,108,0 383,41,404,96,0 62,43,87,93,0 18,58,46,116,0 114,40,144,92,0 203,32,228,82,0 257,22,282,74,0 180,28,202,85,0 127,27,150,74,0 59,30,76,71,0 195,0,213,41,0 368,41,385,90,0 344,45,364,86,0 356,38,374,83,0 261,6,281,50,0 
../datasets/many_person/rotate/frame-046.png 490,124,529,201,0 313,245,369,337,0 425,55,452,111,0 465,71,490,132,0 342,42,362,91,0 377,40,396,96,0 363,42,382,91,0 353,35,368,72,0 260,24,278,70,0 269,8,281,43,0 179,24,199,84,0 203,28,223,85,0 117,43,142,96,0 122,26,144,65,0 190,0,207,35,0 59,42,85,95,0 17,61,39,115,0 63,26,81,64,0 
../datasets/many_person/rotate/frame-047.png 498,124,535,204,0 470,75,494,133,0 426,59,454,112,0 374,38,396,91,0 360,42,378,89,0 347,37,365,76,0 333,44,354,88,0 55,45,86,97,0 118,41,146,98,0 199,29,223,82,0 177,25,198,84,0 182,0,203,34,0 254,21,275,67,0 269,12,287,57,0 11,58,37,113,0 121,24,143,62,0 67,27,87,58,0 
../datasets/many_person/rotate/frame-048.png 502,128,548,207,0 290,229,333,334,0 431,61,463,115,0 477,74,499,132,0 250,17,276,67,0 273,10,290,54,0 286,31,301,57,0 119,44,148,102,0 169,25,193,77,0 197,25,218,80,0 54,46,82,97,0 117,27,139,68,0 182,0,200,32,0 332,44,350,84,0 64,24,87,63,0 7,61,29,117,0 383,40,400,84,0 371,40,388,91,0 357,42,375,87,0 339,35,359,77,0 
../datasets/many_person/rotate/frame-049.png 517,133,550,207,0 284,225,330,327,0 120,48,150,105,0 369,38,386,89,0 479,79,506,140,0 433,65,465,118,0 56,48,79,98,0 166,23,190,80,0 195,23,218,76,0 246,15,275,68,0 278,14,291,58,0 329,41,349,90,0 352,38,370,80,0 387,41,405,90,0 339,35,352,73,0 290,33,301,56,0 177,0,195,32,0 115,25,135,62,0 66,23,90,69,0 
../datasets/many_person/rotate/frame-050.png 275,214,316,319,0 525,135,561,213,0 480,82,507,141,0 436,69,468,120,0 388,41,409,94,0 363,36,383,94,0 348,38,365,86,0 327,42,345,86,0 334,31,354,78,0 281,17,299,57,0 292,36,310,61,0 244,15,269,63,0 193,23,213,76,0 174,0,190,32,0 166,27,187,79,0 127,49,152,102,0 111,23,135,65,0 67,23,91,71,0 52,48,79,100,0 
../datasets/many_person/rotate/frame-051.png 528,139,571,218,0 275,209,316,315,0 489,81,514,142,0 440,67,470,123,0 393,45,418,97,0 362,36,379,90,0 346,37,364,84,0 322,40,341,83,0 331,31,348,79,0 286,16,301,56,0 295,37,312,60,0 243,13,265,60,0 191,23,212,71,0 164,20,187,72,0 168,0,187,31,0 129,53,155,106,0 111,21,133,63,0 62,22,87,67,0 53,53,80,103,0 
../datasets/many_person/rotate/frame-052.png 265,200,301,298,0 543,141,573,218,0 491,88,519,148,0 444,71,474,129,0 398,47,421,94,0 359,38,382,90,0 318,40,335,86,0 327,30,345,83,0 343,34,360,86,0 290,18,306,57,0 302,37,318,61,0 186,23,208,72,0 239,12,263,58,0 162,22,182,75,0 163,0,184,31,0 127,53,154,110,0 49,50,76,102,0 104,21,131,64,0 64,19,88,65,0 
../datasets/many_person/rotate/frame-053.png 251,197,291,295,0 550,142,588,220,0 501,89,524,147,0 442,72,479,132,0 403,48,423,98,0 354,32,372,83,0 333,33,357,88,0 314,38,334,82,0 322,30,342,84,0 293,18,310,61,0 238,12,262,58,0 185,19,204,70,0 160,18,180,75,0 128,56,160,115,0 51,52,77,107,0 104,20,129,65,0 62,17,89,63,0 13,81,26,109,0 6,50,24,108,0 
../datasets/many_person/rotate/frame-054.png 556,144,597,223,0 249,191,287,284,0 405,49,426,105,0 506,93,529,153,0 448,77,482,134,0 331,35,354,91,0 350,34,368,83,0 312,36,327,78,0 298,20,318,67,0 235,11,258,54,0 182,19,206,69,0 159,18,179,69,0 130,60,161,115,0 51,53,78,109,0 14,82,29,111,0 101,19,124,63,0 65,15,90,65,0 7,52,25,96,0 154,0,172,17,0 
../datasets/many_person/rotate/frame-055.png 239,181,279,273,0 567,146,599,226,0 506,93,536,154,0 453,78,486,137,0 414,53,434,104,0 344,33,362,80,0 326,32,346,90,0 308,37,326,79,0 303,21,318,50,0 234,9,257,54,0 182,18,203,67,0 132,60,164,118,0 52,55,82,113,0 12,85,33,117,0 8,56,25,105,0 100,18,120,62,0 158,18,176,72,0 66,15,92,59,0 154,0,172,28,0 
../datasets/many_person/rotate/frame-056.png 578,157,599,232,0 234,181,277,272,0 454,79,490,135,0 518,93,541,151,0 413,56,440,106,0 341,31,358,82,0 324,33,340,86,0 305,37,320,78,0 232,7,252,51,0 179,16,201,64,0 139,64,166,123,0 157,18,175,65,0 148,0,166,27,0 95,18,115,61,0 65,14,88,55,0 52,57,77,114,0 17,91,35,114,0 8,58,30,119,0 
../datasets/many_person/rotate/frame-057.png 523,98,546,158,0 229,168,262,260,0 458,82,495,142,0 421,56,444,109,0 335,31,356,83,0 321,32,337,87,0 303,33,319,74,0 141,60,171,123,0 48,59,78,116,0 8,59,32,119,0 18,91,36,122,0 89,18,111,60,0 64,9,89,56,0 177,17,198,65,0 153,13,174,67,0 225,6,248,54,0 142,0,161,26,0 
../datasets/many_person/rotate/frame-058.png 527,102,555,160,0 219,167,261,258,0 461,88,498,143,0 424,59,449,114,0 333,32,353,81,0 317,31,336,84,0 299,33,317,75,0 226,5,248,48,0 173,14,193,65,0 152,14,174,64,0 140,66,172,128,0 52,61,77,116,0 11,64,30,120,0 18,94,37,123,0 88,16,108,56,0 70,11,90,52,0 138,0,157,25,0 252,0,268,20,0 
../datasets/many_person/rotate/frame-059.png 213,162,253,249,0 143,70,176,131,0 50,65,79,116,0 11,64,32,129,0 18,93,39,126,0 71,8,87,52,0 332,29,346,82,0 342,50,356,68,0 471,90,505,150,0 536,101,559,164,0 429,63,452,115,0 312,32,328,83,0 295,34,311,74,0 222,3,244,46,0 171,14,190,59,0 150,13,170,61,0 83,14,105,55,0 137,0,153,24,0 
../datasets/many_person/rotate/frame-060.png 248,0,259,23,0 256,0,270,25,0 533,104,568,170,0 476,97,508,153,0 436,63,460,116,0 208,156,250,241,0 13,68,37,127,0 53,61,81,118,0 149,70,179,132,0 149,10,169,61,0 169,14,189,58,0 223,4,241,48,0 326,30,339,83,0 346,45,359,68,0 337,27,346,69,0 305,33,327,81,0 290,32,308,72,0 300,24,312,56,0 70,5,86,56,0 83,15,103,57,0 131,0,149,22,0 
