../datasets/many_person/flou-0-30/ezgif-frame-001.jpg 483,219,516,307,0 414,84,439,142,0 182,53,200,101,0 145,87,170,149,0 77,94,100,156,0 0,172,33,250,0 291,290,337,337,0 431,3,445,43,0 418,0,432,38,0 399,0,416,38,0 298,0,316,43,0 576,49,593,78,0 575,73,586,105,0 
../datasets/many_person/flou-0-30/ezgif-frame-002.jpg 483,221,513,307,0 409,85,440,143,0 293,289,333,337,0 0,178,33,250,0 142,86,171,152,0 181,53,202,105,0 76,95,102,157,0 431,2,447,44,0 575,51,591,93,0 569,77,590,112,0 418,0,432,37,0 397,0,418,35,0 
../datasets/many_person/flou-0-30/ezgif-frame-003.jpg 303,282,342,336,0 485,217,520,303,0 415,81,445,142,0 146,83,176,150,0 5,172,43,247,0 76,93,108,153,0 572,51,595,106,0 570,74,588,113,0 431,1,444,42,0 423,0,432,38,0 400,0,418,32,0 301,0,321,39,0 361,0,380,18,0 175,53,194,103,0 
../datasets/many_person/flou-0-30/ezgif-frame-004.jpg 416,80,446,140,0 490,206,529,301,0 309,267,368,336,0 576,51,596,104,0 564,80,589,116,0 426,3,445,43,0 300,0,323,37,0 148,80,175,145,0 167,56,197,103,0 85,89,115,156,0 10,165,52,244,0 358,0,379,20,0 400,0,423,35,0 
../datasets/many_person/flou-0-30/ezgif-frame-005.jpg 496,206,528,298,0 327,264,379,336,0 570,50,592,108,0 564,77,589,120,0 421,75,451,136,0 152,78,175,140,0 161,53,189,102,0 87,85,122,154,0 17,159,60,239,0 1,206,25,290,0 421,3,441,46,0 360,0,381,22,0 300,0,323,36,0 405,0,423,31,0 
../datasets/many_person/flou-0-30/ezgif-frame-006.jpg 499,198,532,287,0 336,249,397,337,0 423,73,451,132,0 569,56,590,112,0 565,79,583,118,0 413,4,436,45,0 406,0,422,32,0 359,0,379,24,0 305,0,331,38,0 153,73,179,135,0 98,85,130,149,0 23,158,74,234,0 0,205,39,288,0 160,57,179,102,0 431,0,441,31,0 
../datasets/many_person/flou-0-30/ezgif-frame-007.jpg 503,196,537,284,0 425,71,453,130,0 569,55,591,119,0 561,81,584,126,0 416,5,437,46,0 340,241,405,337,0 35,150,75,227,0 7,203,44,277,0 100,79,132,142,0 154,76,185,136,0 155,58,175,101,0 309,1,326,37,0 358,1,379,23,0 430,0,444,29,0 409,0,425,30,0 
../datasets/many_person/flou-0-30/ezgif-frame-008.jpg 505,191,541,278,0 429,71,457,129,0 560,85,579,128,0 564,55,586,128,0 43,147,81,225,0 24,201,72,275,0 158,71,183,131,0 104,81,136,147,0 146,63,165,115,0 312,0,331,36,0 357,0,376,24,0 412,6,433,48,0 431,1,452,33,0 
../datasets/many_person/flou-0-30/ezgif-frame-009.jpg 515,188,549,275,0 365,225,416,331,0 432,68,460,123,0 420,306,455,337,0 565,60,589,125,0 556,85,580,132,0 37,193,68,273,0 56,143,87,223,0 161,66,185,131,0 117,80,146,143,0 136,64,163,119,0 408,15,429,54,0 
../datasets/many_person/flou-0-30/ezgif-frame-010.jpg 514,189,552,275,0 370,218,425,331,0 433,66,460,122,0 564,58,587,137,0 552,87,580,142,0 407,6,428,53,0 161,62,190,129,0 123,77,147,137,0 132,64,155,118,0 58,139,92,214,0 44,191,87,273,0 436,0,454,29,0 353,0,375,32,0 315,0,336,34,0 
../datasets/many_person/flou-0-30/ezgif-frame-011.jpg 386,207,435,315,0 64,135,104,206,0 519,178,554,270,0 430,61,464,136,0 552,60,588,140,0 551,93,572,125,0 66,187,92,259,0 437,292,492,337,0 0,276,14,337,0 127,74,157,117,0 164,58,190,117,0 399,5,427,49,0 438,0,451,26,0 311,0,338,35,0 350,0,373,30,0 420,0,434,24,0 
../datasets/many_person/flou-0-30/ezgif-frame-012.jpg 0,254,36,337,0 436,285,514,337,0 403,210,435,308,0 512,173,571,263,0 62,125,122,186,0 56,187,120,261,0 112,70,141,121,0 138,74,160,128,0 166,58,199,121,0 416,61,464,125,0 548,64,586,142,0 549,96,569,128,0 349,0,375,30,0 403,5,417,53,0 440,0,454,30,0 424,0,436,30,0 318,0,337,30,0 
../datasets/many_person/flou-0-30/ezgif-frame-013.jpg 0,243,40,337,0 447,273,522,336,0 397,197,450,290,0 525,175,583,260,0 542,61,588,143,0 550,92,574,132,0 431,49,466,113,0 72,124,113,182,0 84,180,122,245,0 108,70,138,127,0 143,66,169,131,0 171,53,212,122,0 325,0,342,29,0 352,0,371,28,0 390,7,425,57,0 445,0,455,22,0 427,0,441,24,0 
../datasets/many_person/flou-0-30/ezgif-frame-014.jpg 11,244,62,337,0 79,121,112,188,0 93,177,132,251,0 405,176,454,285,0 453,268,507,336,0 527,163,574,249,0 441,56,470,120,0 550,71,582,143,0 548,101,570,137,0 398,8,420,55,0 177,55,202,114,0 141,70,173,132,0 105,72,135,131,0 326,0,343,30,0 351,0,375,30,0 442,0,461,22,0 426,0,443,26,0 
../datasets/many_person/flou-0-30/ezgif-frame-015.jpg 462,265,506,337,0 533,168,572,254,0 553,69,579,146,0 542,100,570,144,0 444,55,469,116,0 394,6,416,60,0 447,0,463,24,0 350,0,365,30,0 184,55,205,114,0 149,68,178,132,0 100,75,129,132,0 90,127,117,191,0 104,176,138,251,0 19,235,65,337,0 1,235,21,336,0 415,183,457,286,0 431,0,447,20,0 
../datasets/many_person/flou-0-30/ezgif-frame-016.jpg 547,70,574,146,0 543,101,566,146,0 538,164,570,248,0 467,252,501,335,0 419,170,459,278,0 112,170,158,247,0 93,121,129,187,0 91,76,121,136,0 183,46,213,112,0 157,62,184,123,0 25,216,76,334,0 0,227,33,329,0 386,11,412,62,0 348,0,361,32,0 330,0,347,28,0 
../datasets/many_person/flou-0-30/ezgif-frame-017.jpg 472,245,511,337,0 538,154,571,237,0 544,102,563,147,0 420,169,466,272,0 120,165,156,251,0 41,224,97,335,0 3,224,49,327,0 97,112,129,185,0 89,77,110,141,0 159,61,190,125,0 188,48,215,105,0 385,11,412,69,0 346,0,363,30,0 436,0,449,17,0 551,72,574,144,0 
../datasets/many_person/flou-0-30/ezgif-frame-018.jpg 479,239,517,337,0 427,160,470,260,0 540,153,578,240,0 542,77,571,146,0 532,103,563,157,0 450,48,476,105,0 384,15,409,67,0 338,0,361,29,0 134,158,169,248,0 48,208,103,330,0 8,212,51,322,0 99,106,134,188,0 81,76,105,146,0 167,59,195,124,0 196,49,222,103,0 
../datasets/many_person/flou-0-30/ezgif-frame-019.jpg 489,229,521,334,0 543,150,576,233,0 537,111,560,154,0 546,76,569,152,0 453,44,478,102,0 383,14,409,66,0 144,163,178,235,0 60,210,109,318,0 24,212,69,313,0 106,105,139,180,0 72,82,102,151,0 173,48,202,123,0 200,48,226,104,0 341,0,359,34,0 
../datasets/many_person/flou-0-30/ezgif-frame-020.jpg 483,230,525,333,0 433,151,480,252,0 544,148,578,228,0 540,77,569,151,0 528,107,560,161,0 452,41,482,103,0 375,16,409,67,0 152,149,192,235,0 66,208,117,316,0 32,210,78,309,0 112,104,142,177,0 66,90,93,154,0 204,43,227,94,0 177,59,202,120,0 339,1,361,37,0 
../datasets/many_person/flou-0-30/ezgif-frame-021.jpg 493,221,528,322,0 549,149,581,229,0 534,115,554,158,0 545,82,565,158,0 464,48,484,101,0 406,297,446,337,0 157,149,200,231,0 80,200,122,310,0 43,197,82,298,0 117,97,149,174,0 61,88,91,156,0 179,48,208,119,0 207,42,236,103,0 377,15,398,67,0 337,0,356,38,0 437,142,483,238,0 
../datasets/many_person/flou-0-30/ezgif-frame-022.jpg 499,215,535,314,0 414,288,456,337,0 540,80,562,161,0 527,119,554,168,0 549,148,580,222,0 441,137,485,235,0 170,138,199,227,0 373,17,397,71,0 457,38,486,97,0 88,192,134,306,0 51,188,97,299,0 116,89,148,173,0 49,89,83,153,0 332,0,355,34,0 
../datasets/many_person/flou-0-30/ezgif-frame-023.jpg 410,274,466,337,0 501,206,546,316,0 551,138,585,219,0 447,129,491,223,0 528,83,561,161,0 524,116,553,172,0 466,37,486,98,0 369,20,393,71,0 120,91,147,162,0 177,148,216,223,0 93,189,146,298,0 57,188,98,289,0 47,96,77,162,0 191,53,218,105,0 216,37,243,100,0 332,0,354,38,0 
../datasets/many_person/flou-0-30/ezgif-frame-024.jpg 423,268,476,337,0 509,205,549,299,0 455,129,494,220,0 536,93,563,168,0 522,122,552,174,0 467,42,487,93,0 368,22,394,68,0 188,141,219,210,0 105,183,150,289,0 63,187,108,289,0 119,94,153,159,0 30,98,67,162,0 189,45,221,107,0 220,38,245,99,0 329,1,351,45,0 402,0,426,28,0 
../datasets/many_person/flou-0-30/ezgif-frame-025.jpg 436,264,484,337,0 505,198,552,298,0 533,93,562,173,0 520,124,551,177,0 454,125,495,219,0 190,140,233,214,0 109,175,154,288,0 71,183,120,278,0 223,36,252,91,0 198,49,225,105,0 126,88,162,156,0 28,98,60,169,0 357,20,391,73,0 324,0,346,40,0 464,34,496,92,0 
../datasets/many_person/flou-0-30/ezgif-frame-026.jpg 438,248,490,337,0 509,194,550,285,0 529,93,560,178,0 522,131,550,181,0 461,123,499,207,0 204,135,240,212,0 122,179,166,284,0 86,173,128,274,0 22,103,51,173,0 128,83,159,151,0 201,51,227,103,0 229,36,253,86,0 357,22,380,74,0 468,36,492,94,0 322,3,345,42,0 
../datasets/many_person/flou-0-30/ezgif-frame-027.jpg 440,247,494,337,0 513,185,559,284,0 519,97,563,187,0 459,114,505,206,0 206,132,247,213,0 126,172,169,273,0 94,174,131,267,0 129,80,161,153,0 13,102,38,180,0 471,31,500,88,0 356,16,379,79,0 236,33,260,81,0 207,47,233,96,0 321,0,344,44,0 
../datasets/many_person/flou-0-30/ezgif-frame-028.jpg 453,236,508,333,0 351,26,380,79,0 472,108,505,195,0 520,182,560,275,0 525,97,557,177,0 513,134,542,183,0 471,32,497,87,0 217,128,250,201,0 139,166,178,264,0 103,168,140,257,0 209,48,232,94,0 135,80,165,147,0 6,108,39,175,0 316,3,339,43,0 
../datasets/many_person/flou-0-30/ezgif-frame-029.jpg 466,232,511,331,0 523,180,561,268,0 514,133,541,188,0 521,97,553,187,0 473,109,507,190,0 476,29,499,88,0 346,30,370,77,0 224,127,258,202,0 142,160,188,265,0 110,164,148,257,0 138,76,170,142,0 0,112,24,173,0 313,5,339,46,0 
../datasets/many_person/flou-0-30/ezgif-frame-030.jpg 523,105,549,182,0 514,138,535,191,0 526,179,559,263,0 471,222,515,320,0 151,164,190,254,0 227,125,263,200,0 118,161,158,253,0 144,73,173,142,0 346,28,370,81,0 473,28,503,87,0 355,0,376,24,0 476,106,511,194,0 314,3,336,47,0 250,31,272,84,0 