../datasets/youtube/perso/DJI_0065.mp4/frame_000000 314,215,330,250,0 363,198,376,228,0 354,197,365,218,0 
../datasets/youtube/perso/DJI_0065.mp4/frame_000001 364,195,377,225,0 315,212,331,247,0 354,193,365,216,0 
../datasets/youtube/perso/DJI_0065.mp4/frame_000002 316,210,332,245,0 364,193,377,223,0 353,190,366,214,0 
../datasets/youtube/perso/DJI_0065.mp4/frame_000003 365,191,378,221,0 316,209,332,244,0 355,190,366,215,0 
../datasets/youtube/perso/DJI_0065.mp4/frame_000004 314,206,330,241,0 355,184,366,215,0 365,187,378,217,0 
../datasets/youtube/perso/DJI_0065.mp4/frame_000005 315,205,331,240,0 364,187,377,217,0 353,183,364,210,0 
../datasets/youtube/perso/DJI_0065.mp4/frame_000006 315,201,331,236,0 354,183,365,208,0 364,185,377,215,0 
../datasets/youtube/perso/DJI_0065.mp4/frame_000007 353,180,364,209,0 315,199,331,234,0 364,183,377,213,0 
../datasets/youtube/perso/DJI_0065.mp4/frame_000008 363,181,376,211,0 352,179,363,205,0 315,198,331,233,0 
../datasets/youtube/perso/DJI_0065.mp4/frame_000009 364,180,377,210,0 351,177,364,205,0 314,197,330,232,0 
../datasets/youtube/perso/DJI_0065.mp4/frame_000010 314,195,330,230,0 363,179,376,209,0 351,179,362,203,0 
../datasets/youtube/perso/DJI_0065.mp4/frame_000011 314,193,330,228,0 362,178,375,208,0 348,176,361,205,0 
../datasets/youtube/perso/DJI_0065.mp4/frame_000012 361,176,374,206,0 349,176,360,203,0 313,194,329,229,0 
../datasets/youtube/perso/DJI_0065.mp4/frame_000013 350,174,361,200,0 360,177,373,207,0 312,193,328,228,0 
../datasets/youtube/perso/DJI_0065.mp4/frame_000014 359,176,372,206,0 349,177,360,202,0 311,193,327,228,0 
../datasets/youtube/perso/DJI_0065.mp4/frame_000015 348,177,359,200,0 311,193,325,228,0 360,176,372,206,0 
../datasets/youtube/perso/DJI_0065.mp4/frame_000016 309,193,325,228,0 358,176,371,206,0 347,174,358,201,0 
../datasets/youtube/perso/DJI_0065.mp4/frame_000017 356,178,369,208,0 307,191,323,226,0 347,175,358,198,0 
../datasets/youtube/perso/DJI_0065.mp4/frame_000018 307,193,323,228,0 345,174,356,198,0 355,177,368,207,0 
../datasets/youtube/perso/DJI_0065.mp4/frame_000019 354,175,367,205,0 305,192,321,227,0 343,175,354,199,0 
../datasets/youtube/perso/DJI_0065.mp4/frame_000020 343,175,354,198,0 305,193,321,228,0 353,176,366,206,0 
../datasets/youtube/perso/DJI_0065.mp4/frame_000021 341,173,352,200,0 352,174,365,204,0 304,193,320,228,0 
../datasets/youtube/perso/DJI_0065.mp4/frame_000022 341,174,352,200,0 303,193,319,228,0 350,176,363,206,0 
../datasets/youtube/perso/DJI_0065.mp4/frame_000023 348,175,361,205,0 301,193,317,228,0 337,175,348,200,0 
../datasets/youtube/perso/DJI_0065.mp4/frame_000024 337,173,348,199,0 300,193,316,228,0 349,175,362,205,0 
../datasets/youtube/perso/DJI_0065.mp4/frame_000025 335,173,346,200,0 298,195,314,230,0 345,175,358,205,0 
../datasets/youtube/perso/DJI_0065.mp4/frame_000026 297,193,313,228,0 344,176,357,206,0 334,172,345,199,0 
../datasets/youtube/perso/DJI_0065.mp4/frame_000027 343,174,356,204,0 331,172,342,199,0 296,194,312,229,0 
../datasets/youtube/perso/DJI_0065.mp4/frame_000028 331,174,342,200,0 294,193,310,228,0 342,176,355,206,0 
../datasets/youtube/perso/DJI_0065.mp4/frame_000029 341,173,354,203,0 328,175,339,200,0 293,193,309,228,0 
../datasets/youtube/perso/DJI_0065.mp4/frame_000030 339,175,352,205,0 292,193,308,228,0 327,173,338,200,0 
../datasets/youtube/perso/DJI_0065.mp4/frame_000031 339,174,352,204,0 290,192,306,227,0 326,173,337,200,0 
../datasets/youtube/perso/DJI_0065.mp4/frame_000032 338,176,352,206,0 289,194,305,228,0 324,174,335,200,0 
../datasets/youtube/perso/DJI_0065.mp4/frame_000033 338,173,351,203,0 290,192,306,227,0 326,173,337,200,0 
../datasets/youtube/perso/DJI_0065.mp4/frame_000034 291,191,307,226,0 338,174,351,204,0 323,175,334,200,0 
../datasets/youtube/perso/DJI_0065.mp4/frame_000035 289,192,305,227,0 323,173,334,200,0 337,174,350,204,0 
../datasets/youtube/perso/DJI_0065.mp4/frame_000036 337,174,350,204,0 324,174,335,200,0 287,194,303,229,0 
../datasets/youtube/perso/DJI_0065.mp4/frame_000037 323,172,334,200,0 336,174,349,204,0 289,194,305,228,0 
../datasets/youtube/perso/DJI_0065.mp4/frame_000038 322,174,333,199,0 286,193,302,228,0 335,176,348,206,0 
../datasets/youtube/perso/DJI_0065.mp4/frame_000039 323,173,334,200,0 287,196,303,227,0 335,176,348,206,0 
../datasets/youtube/perso/DJI_0065.mp4/frame_000040 322,173,333,200,0 287,193,303,226,0 336,176,349,206,0 
../datasets/youtube/perso/DJI_0065.mp4/frame_000041 289,193,305,228,0 335,176,348,206,0 323,174,334,200,0 
../datasets/youtube/perso/DJI_0065.mp4/frame_000042 322,173,333,200,0 335,176,348,206,0 288,195,304,228,0 
../datasets/youtube/perso/DJI_0065.mp4/frame_000043 322,173,333,200,0 286,194,302,225,0 335,174,348,206,0 
../datasets/youtube/perso/DJI_0065.mp4/frame_000044 322,175,333,198,0 286,195,302,229,0 335,175,348,207,0 
../datasets/youtube/perso/DJI_0065.mp4/frame_000045 321,175,332,201,0 334,175,347,208,0 286,196,302,229,0 
../datasets/youtube/perso/DJI_0065.mp4/frame_000046 321,172,332,201,0 335,174,348,205,0 285,193,301,228,0 
../datasets/youtube/perso/DJI_0065.mp4/frame_000047 322,174,333,202,0 336,174,349,206,0 285,193,301,228,0 
../datasets/youtube/perso/DJI_0065.mp4/frame_000048 285,193,301,228,0 321,172,332,203,0 335,174,348,205,0 
../datasets/youtube/perso/DJI_0065.mp4/frame_000049 285,195,301,229,0 322,174,333,202,0 337,175,350,207,0 
../datasets/youtube/perso/DJI_0065.mp4/frame_000050 287,195,303,230,0 335,175,348,205,0 322,175,334,203,0 
../datasets/youtube/perso/DJI_0065.mp4/frame_000051 336,175,349,205,0 322,173,333,201,0 286,194,302,229,0 
../datasets/youtube/perso/DJI_0065.mp4/frame_000052 286,196,302,231,0 335,174,348,204,0 322,175,333,203,0 
../datasets/youtube/perso/DJI_0065.mp4/frame_000053 285,197,301,232,0 321,175,332,203,0 335,175,348,205,0 
../datasets/youtube/perso/DJI_0065.mp4/frame_000054 286,194,302,229,0 321,174,332,203,0 336,176,349,206,0 
../datasets/youtube/perso/DJI_0065.mp4/frame_000055 323,173,334,200,0 285,196,301,231,0 335,176,348,206,0 
../datasets/youtube/perso/DJI_0065.mp4/frame_000056 284,196,300,231,0 337,176,350,206,0 321,175,332,203,0 
../datasets/youtube/perso/DJI_0065.mp4/frame_000057 321,174,332,201,0 285,196,301,231,0 335,177,348,207,0 
../datasets/youtube/perso/DJI_0065.mp4/frame_000058 334,179,347,209,0 286,196,302,231,0 321,175,332,201,0 
../datasets/youtube/perso/DJI_0065.mp4/frame_000059 284,197,300,232,0 335,177,348,207,0 320,173,331,200,0 
../datasets/youtube/perso/DJI_0065.mp4/frame_000060 319,175,330,203,0 285,198,301,233,0 335,179,348,209,0 
../datasets/youtube/perso/DJI_0065.mp4/frame_000061 284,199,300,234,0 319,176,330,204,0 336,179,349,209,0 
../datasets/youtube/perso/DJI_0065.mp4/frame_000062 284,201,300,236,0 320,175,331,204,0 336,179,349,209,0 
../datasets/youtube/perso/DJI_0065.mp4/frame_000063 336,179,349,209,0 284,200,300,235,0 319,176,330,204,0 
../datasets/youtube/perso/DJI_0065.mp4/frame_000064 284,202,300,237,0 319,177,330,205,0 335,179,348,209,0 
../datasets/youtube/perso/DJI_0065.mp4/frame_000065 335,179,348,209,0 283,202,299,237,0 318,179,329,204,0 
../datasets/youtube/perso/DJI_0065.mp4/frame_000066 334,179,347,209,0 319,179,330,205,0 284,203,300,238,0 
../datasets/youtube/perso/DJI_0065.mp4/frame_000067 317,178,328,205,0 335,179,348,209,0 283,204,299,239,0 
../datasets/youtube/perso/DJI_0065.mp4/frame_000068 334,181,347,213,0 283,205,299,240,0 317,178,328,206,0 
../datasets/youtube/perso/DJI_0065.mp4/frame_000069 317,180,328,207,0 283,204,299,239,0 335,180,348,214,0 
../datasets/youtube/perso/DJI_0065.mp4/frame_000070 283,204,299,239,0 317,179,328,206,0 334,180,347,212,0 
../datasets/youtube/perso/DJI_0065.mp4/frame_000071 317,179,328,206,0 283,204,299,239,0 334,180,347,212,0 
../datasets/youtube/perso/DJI_0065.mp4/frame_000072 283,204,299,239,0 317,179,328,206,0 334,180,347,212,0 
../datasets/youtube/perso/DJI_0065.mp4/frame_000073 315,179,326,206,0 283,206,299,241,0 333,182,348,214,0 
../datasets/youtube/perso/DJI_0065.mp4/frame_000074 332,181,347,213,0 315,180,326,207,0 281,205,297,240,0 
../datasets/youtube/perso/DJI_0065.mp4/frame_000075 315,180,327,208,0 280,205,296,240,0 331,182,346,215,0 
../datasets/youtube/perso/DJI_0065.mp4/frame_000076 315,179,326,206,0 281,206,297,241,0 331,181,346,215,0 
../datasets/youtube/perso/DJI_0065.mp4/frame_000077 279,206,295,241,0 332,182,346,215,0 313,179,324,206,0 
../datasets/youtube/perso/DJI_0065.mp4/frame_000078 311,180,324,207,0 331,182,346,217,0 278,208,294,243,0 
../datasets/youtube/perso/DJI_0065.mp4/frame_000079 311,179,322,208,0 279,208,295,243,0 331,184,344,217,0 
../datasets/youtube/perso/DJI_0065.mp4/frame_000080 310,180,321,209,0 278,209,294,244,0 331,186,344,218,0 
../datasets/youtube/perso/DJI_0065.mp4/frame_000081 278,210,294,245,0 329,185,342,221,0 310,181,321,208,0 
../datasets/youtube/perso/DJI_0065.mp4/frame_000082 277,209,293,244,0 330,185,344,220,0 309,182,321,210,0 
../datasets/youtube/perso/DJI_0065.mp4/frame_000083 329,183,344,219,0 277,211,293,246,0 309,183,321,212,0 
../datasets/youtube/perso/DJI_0065.mp4/frame_000084 309,182,320,213,0 276,211,292,246,0 329,184,344,218,0 
../datasets/youtube/perso/DJI_0065.mp4/frame_000085 328,184,344,217,0 276,213,292,248,0 308,184,321,211,0 
../datasets/youtube/perso/DJI_0065.mp4/frame_000086 307,182,321,214,0 276,211,293,248,0 329,185,342,221,0 
../datasets/youtube/perso/DJI_0065.mp4/frame_000087 274,213,290,248,0 327,185,340,221,0 306,184,320,213,0 
../datasets/youtube/perso/DJI_0065.mp4/frame_000088 274,214,290,249,0 306,182,319,212,0 326,184,343,219,0 
../datasets/youtube/perso/DJI_0065.mp4/frame_000089 306,183,319,213,0 326,185,342,221,0 274,214,290,249,0 
../datasets/youtube/perso/DJI_0065.mp4/frame_000090 274,215,290,253,0 305,182,317,215,0 326,185,341,221,0 
../datasets/youtube/perso/DJI_0065.mp4/frame_000091 304,184,317,215,0 272,215,288,250,0 325,185,343,221,0 
../datasets/youtube/perso/DJI_0065.mp4/frame_000092 272,215,290,255,0 303,184,319,216,0 327,186,342,224,0 
../datasets/youtube/perso/DJI_0065.mp4/frame_000093 303,186,317,214,0 327,188,343,222,0 270,217,289,255,0 
../datasets/youtube/perso/DJI_0065.mp4/frame_000094 271,216,288,255,0 302,183,319,215,0 324,186,341,223,0 
../datasets/youtube/perso/DJI_0065.mp4/frame_000095 325,187,340,224,0 303,184,317,216,0 270,215,289,252,0 
../datasets/youtube/perso/DJI_0065.mp4/frame_000096 326,189,342,226,0 270,215,288,252,0 303,187,318,215,0 
../datasets/youtube/perso/DJI_0065.mp4/frame_000097 326,187,342,225,0 303,184,317,215,0 271,217,288,254,0 
../datasets/youtube/perso/DJI_0065.mp4/frame_000098 270,216,289,253,0 303,185,316,215,0 326,188,340,226,0 
../datasets/youtube/perso/DJI_0065.mp4/frame_000099 302,188,315,218,0 270,218,289,256,0 327,188,340,227,0 
../datasets/youtube/perso/DJI_0065.mp4/frame_000100 269,218,289,255,0 302,188,315,217,0 325,188,340,226,0 
../datasets/youtube/perso/DJI_0065.mp4/frame_000101 301,186,315,218,0 324,191,340,229,0 268,220,289,259,0 
../datasets/youtube/perso/DJI_0065.mp4/frame_000102 270,220,291,260,0 326,190,341,230,0 301,187,315,223,0 
../datasets/youtube/perso/DJI_0065.mp4/frame_000103 326,189,341,229,0 301,188,316,219,0 270,221,287,259,0 
../datasets/youtube/perso/DJI_0065.mp4/frame_000104 272,221,289,262,0 326,193,340,231,0 301,189,315,220,0 
../datasets/youtube/perso/DJI_0065.mp4/frame_000105 302,189,315,223,0 270,223,290,261,0 327,190,342,230,0 
../datasets/youtube/perso/DJI_0065.mp4/frame_000106 270,223,291,263,0 302,190,314,223,0 327,191,344,231,0 
../datasets/youtube/perso/DJI_0065.mp4/frame_000107 327,191,343,232,0 301,189,316,225,0 270,226,291,266,0 
../datasets/youtube/perso/DJI_0065.mp4/frame_000108 326,192,343,230,0 301,187,316,224,0 270,225,289,267,0 
../datasets/youtube/perso/DJI_0065.mp4/frame_000109 270,225,291,268,0 328,191,343,232,0 301,189,316,223,0 
../datasets/youtube/perso/DJI_0065.mp4/frame_000110 301,190,314,223,0 327,195,344,233,0 271,227,291,269,0 
../datasets/youtube/perso/DJI_0065.mp4/frame_000111 270,227,289,270,0 303,192,315,223,0 327,194,346,233,0 
../datasets/youtube/perso/DJI_0065.mp4/frame_000112 329,194,345,234,0 301,191,315,224,0 270,226,290,269,0 
../datasets/youtube/perso/DJI_0065.mp4/frame_000113 301,192,319,225,0 329,193,345,235,0 272,228,291,269,0 
../datasets/youtube/perso/DJI_0065.mp4/frame_000114 301,192,315,225,0 271,229,290,273,0 329,195,345,235,0 
../datasets/youtube/perso/DJI_0065.mp4/frame_000115 270,228,290,269,0 329,198,346,239,0 301,193,315,224,0 
../datasets/youtube/perso/DJI_0065.mp4/frame_000116 303,192,317,227,0 329,198,344,240,0 273,229,292,274,0 
../datasets/youtube/perso/DJI_0065.mp4/frame_000117 303,193,315,227,0 272,228,291,270,0 329,196,344,236,0 
../datasets/youtube/perso/DJI_0065.mp4/frame_000118 272,229,292,273,0 302,195,316,228,0 329,200,345,242,0 
../datasets/youtube/perso/DJI_0065.mp4/frame_000119 330,198,346,239,0 273,232,291,273,0 303,193,317,228,0 
../datasets/youtube/perso/DJI_0065.mp4/frame_000120 273,230,291,276,0 302,197,317,230,0 329,201,345,241,0 
../datasets/youtube/perso/DJI_0065.mp4/frame_000121 300,197,315,230,0 274,234,292,280,0 330,203,346,243,0 
../datasets/youtube/perso/DJI_0065.mp4/frame_000122 331,203,347,243,0 301,199,316,232,0 274,235,292,281,0 
../datasets/youtube/perso/DJI_0065.mp4/frame_000123 275,235,293,281,0 331,202,347,242,0 302,197,318,231,0 
../datasets/youtube/perso/DJI_0065.mp4/frame_000124 331,202,347,244,0 301,198,316,231,0 274,237,292,283,0 
../datasets/youtube/perso/DJI_0065.mp4/frame_000125 331,203,347,244,0 275,238,293,284,0 301,200,316,235,0 
../datasets/youtube/perso/DJI_0065.mp4/frame_000126 301,200,316,236,0 275,239,293,285,0 331,206,347,246,0 
../datasets/youtube/perso/DJI_0065.mp4/frame_000127 331,205,347,245,0 302,199,317,234,0 274,242,292,288,0 
../datasets/youtube/perso/DJI_0065.mp4/frame_000128 275,241,293,287,0 330,206,346,246,0 300,201,315,237,0 
../datasets/youtube/perso/DJI_0065.mp4/frame_000129 274,241,292,287,0 301,199,316,235,0 331,205,347,246,0 
../datasets/youtube/perso/DJI_0065.mp4/frame_000130 274,243,292,289,0 331,206,347,248,0 300,201,315,239,0 
../datasets/youtube/perso/DJI_0065.mp4/frame_000131 300,202,315,240,0 274,245,292,291,0 331,206,347,248,0 
../datasets/youtube/perso/DJI_0065.mp4/frame_000132 274,245,292,291,0 331,209,347,251,0 299,203,314,241,0 
../datasets/youtube/perso/DJI_0065.mp4/frame_000133 331,208,347,250,0 300,203,315,241,0 273,246,291,292,0 
../datasets/youtube/perso/DJI_0065.mp4/frame_000134 300,203,315,241,0 272,247,290,294,0 331,209,347,251,0 
../datasets/youtube/perso/DJI_0065.mp4/frame_000135 273,249,291,295,0 299,204,314,242,0 331,211,347,253,0 
../datasets/youtube/perso/DJI_0065.mp4/frame_000136 298,205,313,243,0 272,249,290,295,0 331,212,347,254,0 
../datasets/youtube/perso/DJI_0065.mp4/frame_000137 330,214,346,256,0 271,250,289,296,0 298,204,313,242,0 
../datasets/youtube/perso/DJI_0065.mp4/frame_000138 271,251,289,297,0 297,205,312,243,0 331,214,347,256,0 
../datasets/youtube/perso/DJI_0065.mp4/frame_000139 297,206,312,244,0 271,253,289,299,0 331,214,347,256,0 
../datasets/youtube/perso/DJI_0065.mp4/frame_000140 331,215,347,257,0 298,209,313,247,0 270,254,288,300,0 
../datasets/youtube/perso/DJI_0065.mp4/frame_000141 271,256,289,302,0 331,217,347,259,0 298,209,313,247,0 
../datasets/youtube/perso/DJI_0065.mp4/frame_000142 298,209,313,247,0 331,217,347,259,0 270,258,288,304,0 
../datasets/youtube/perso/DJI_0065.mp4/frame_000143 298,212,313,250,0 272,259,290,305,0 332,217,348,259,0 
../datasets/youtube/perso/DJI_0065.mp4/frame_000144 272,259,290,305,0 297,213,312,251,0 333,218,349,260,0 
../datasets/youtube/perso/DJI_0065.mp4/frame_000145 271,261,289,307,0 333,219,349,261,0 297,213,312,251,0 
../datasets/youtube/perso/DJI_0065.mp4/frame_000146 295,213,310,251,0 332,218,348,260,0 271,262,289,308,0 
../datasets/youtube/perso/DJI_0065.mp4/frame_000147 297,212,312,250,0 271,263,289,309,0 332,221,348,263,0 
../datasets/youtube/perso/DJI_0065.mp4/frame_000148 271,265,289,311,0 334,221,350,263,0 297,212,312,250,0 
../datasets/youtube/perso/DJI_0065.mp4/frame_000149 332,221,348,263,0 297,214,312,252,0 271,267,289,313,0 
../datasets/youtube/perso/DJI_0065.mp4/frame_000150 297,212,312,250,0 334,221,350,263,0 272,268,290,314,0 
../datasets/youtube/perso/DJI_0065.mp4/frame_000151 297,214,312,252,0 331,224,348,268,0 270,270,292,321,0 
../datasets/youtube/perso/DJI_0065.mp4/frame_000152 333,225,350,271,0 269,269,292,321,0 296,214,313,255,0 
../datasets/youtube/perso/DJI_0065.mp4/frame_000153 293,218,311,256,0 269,271,289,321,0 334,224,352,268,0 
../datasets/youtube/perso/DJI_0065.mp4/frame_000154 294,216,310,256,0 267,274,292,323,0 331,224,350,267,0 
../datasets/youtube/perso/DJI_0065.mp4/frame_000155 295,220,310,258,0 270,272,292,326,0 331,225,350,272,0 
../datasets/youtube/perso/DJI_0065.mp4/frame_000156 294,221,309,259,0 269,274,291,325,0 333,228,352,276,0 
../datasets/youtube/perso/DJI_0065.mp4/frame_000157 293,220,311,261,0 333,229,352,277,0 270,276,293,326,0 
../datasets/youtube/perso/DJI_0065.mp4/frame_000158 296,221,313,262,0 270,277,291,327,0 331,227,350,277,0 
../datasets/youtube/perso/DJI_0065.mp4/frame_000159 270,276,291,327,0 294,222,312,263,0 332,227,350,279,0 
../datasets/youtube/perso/DJI_0065.mp4/frame_000160 331,231,352,279,0 267,279,290,330,0 295,224,313,265,0 
../datasets/youtube/perso/DJI_0065.mp4/frame_000161 292,225,310,266,0 329,233,350,281,0 268,281,291,332,0 
../datasets/youtube/perso/DJI_0065.mp4/frame_000162 294,226,312,267,0 330,234,351,282,0 268,284,291,335,0 
../datasets/youtube/perso/DJI_0065.mp4/frame_000163 330,234,351,282,0 293,228,311,269,0 268,285,291,336,0 
../datasets/youtube/perso/DJI_0065.mp4/frame_000164 294,228,312,269,0 331,234,352,282,0 268,286,291,337,0 
../datasets/youtube/perso/DJI_0065.mp4/frame_000165 331,234,352,282,0 294,227,312,268,0 268,290,291,341,0 
../datasets/youtube/perso/DJI_0065.mp4/frame_000166 331,237,352,285,0 266,290,289,341,0 293,229,311,270,0 
../datasets/youtube/perso/DJI_0065.mp4/frame_000167 266,293,289,344,0 294,229,312,272,0 331,237,352,285,0 
../datasets/youtube/perso/DJI_0065.mp4/frame_000168 294,231,312,272,0 331,238,352,286,0 268,296,291,347,0 
../datasets/youtube/perso/DJI_0065.mp4/frame_000169 332,240,353,288,0 294,234,312,275,0 268,296,292,349,0 
../datasets/youtube/perso/DJI_0065.mp4/frame_000170 295,233,313,274,0 332,241,353,289,0 268,298,292,353,0 
../datasets/youtube/perso/DJI_0065.mp4/frame_000171 293,235,311,276,0 332,241,353,289,0 268,300,293,358,0 
../datasets/youtube/perso/DJI_0065.mp4/frame_000172 269,302,293,358,0 332,243,353,291,0 294,235,312,276,0 
../datasets/youtube/perso/DJI_0065.mp4/frame_000173 270,300,293,359,0 332,245,353,293,0 294,235,312,276,0 
../datasets/youtube/perso/DJI_0065.mp4/frame_000174 270,304,294,359,0 332,247,353,295,0 294,237,312,278,0 
../datasets/youtube/perso/DJI_0065.mp4/frame_000175 334,246,355,294,0 267,306,294,359,0 294,236,312,277,0 
../datasets/youtube/perso/DJI_0065.mp4/frame_000176 294,240,312,281,0 267,305,292,359,0 334,250,355,298,0 
../datasets/youtube/perso/DJI_0065.mp4/frame_000177 333,249,354,297,0 267,305,292,359,0 297,241,315,282,0 
../datasets/youtube/perso/DJI_0065.mp4/frame_000178 297,242,315,283,0 334,254,355,302,0 267,308,293,359,0 
../datasets/youtube/perso/DJI_0065.mp4/frame_000179 334,254,355,302,0 269,308,295,359,0 295,244,313,285,0 
../datasets/youtube/perso/DJI_0065.mp4/frame_000180 334,255,355,303,0 269,312,295,359,0 294,245,312,286,0 
../datasets/youtube/perso/DJI_0065.mp4/frame_000181 294,248,312,289,0 334,257,355,305,0 269,313,293,359,0 
../datasets/youtube/perso/DJI_0065.mp4/frame_000182 294,248,312,291,0 334,256,355,307,0 267,317,294,359,0 
../datasets/youtube/perso/DJI_0065.mp4/frame_000183 294,249,312,295,0 334,257,355,305,0 269,318,295,360,0 
../datasets/youtube/perso/DJI_0065.mp4/frame_000184 293,252,311,296,0 269,321,295,359,0 337,257,358,305,0 
../datasets/youtube/perso/DJI_0065.mp4/frame_000185 337,260,358,308,0 267,324,294,360,0 295,251,313,298,0 
../datasets/youtube/perso/DJI_0065.mp4/frame_000186 295,252,313,298,0 339,260,360,313,0 267,325,295,359,0 
../datasets/youtube/perso/DJI_0065.mp4/frame_000187 269,329,297,359,0 295,251,313,300,0 339,262,360,311,0 
../datasets/youtube/perso/DJI_0065.mp4/frame_000188 295,253,313,300,0 269,329,296,358,0 341,261,362,312,0 
../datasets/youtube/perso/DJI_0065.mp4/frame_000189 341,263,362,314,0 295,254,313,300,0 271,336,297,359,0 
../datasets/youtube/perso/DJI_0065.mp4/frame_000190 341,264,362,319,0 272,337,298,358,0 297,255,315,301,0 
../datasets/youtube/perso/DJI_0065.mp4/frame_000191 340,267,361,321,0 273,339,299,359,0 297,255,315,300,0 
../datasets/youtube/perso/DJI_0065.mp4/frame_000192 296,260,316,305,0 274,339,300,359,0 342,268,364,323,0 
../datasets/youtube/perso/DJI_0065.mp4/frame_000193 296,258,316,305,0 340,270,363,326,0 274,342,297,360,0 
../datasets/youtube/perso/DJI_0065.mp4/frame_000194 276,343,299,358,0 296,260,316,309,0 340,270,366,329,0 
../datasets/youtube/perso/DJI_0065.mp4/frame_000195 285,347,295,358,0 341,274,366,329,0 294,262,315,311,0 
../datasets/youtube/perso/DJI_0065.mp4/frame_000196 342,274,365,332,0 296,262,316,310,0 283,351,297,359,0 
../datasets/youtube/perso/DJI_0065.mp4/frame_000197 343,278,364,335,0 297,266,315,315,0 286,354,296,360,0 
../datasets/youtube/perso/DJI_0065.mp4/frame_000198 298,268,317,320,0 343,279,364,338,0 
../datasets/youtube/perso/DJI_0065.mp4/frame_000199 298,269,318,322,0 345,280,366,338,0 
../datasets/youtube/perso/DJI_0065.mp4/frame_000200 344,282,368,343,0 296,272,318,320,0 
../datasets/youtube/perso/DJI_0065.mp4/frame_000201 342,285,366,346,0 296,272,318,325,0 
../datasets/youtube/perso/DJI_0065.mp4/frame_000202 294,274,318,328,0 341,285,365,346,0 
../datasets/youtube/perso/DJI_0065.mp4/frame_000203 296,277,318,329,0 342,287,366,348,0 
../datasets/youtube/perso/DJI_0065.mp4/frame_000204 296,277,318,332,0 341,287,365,348,0 
../datasets/youtube/perso/DJI_0065.mp4/frame_000205 342,290,366,351,0 296,276,319,330,0 
../datasets/youtube/perso/DJI_0065.mp4/frame_000206 342,291,366,352,0 296,277,320,331,0 
../datasets/youtube/perso/DJI_0065.mp4/frame_000207 296,281,320,332,0 342,292,366,353,0 
../datasets/youtube/perso/DJI_0065.mp4/frame_000208 342,293,366,354,0 298,284,320,335,0 
../datasets/youtube/perso/DJI_0065.mp4/frame_000209 297,284,320,336,0 343,297,367,358,0 
../datasets/youtube/perso/DJI_0065.mp4/frame_000210 296,284,320,336,0 343,299,367,359,0 
../datasets/youtube/perso/DJI_0065.mp4/frame_000211 298,287,322,340,0 344,299,368,359,0 
../datasets/youtube/perso/DJI_0065.mp4/frame_000212 345,303,369,359,0 298,291,320,342,0 
../datasets/youtube/perso/DJI_0065.mp4/frame_000213 298,292,322,346,0 344,304,369,359,0 
../datasets/youtube/perso/DJI_0065.mp4/frame_000214 297,293,321,351,0 345,307,369,359,0 
../datasets/youtube/perso/DJI_0065.mp4/frame_000215 345,310,369,360,0 298,297,321,353,0 
../datasets/youtube/perso/DJI_0065.mp4/frame_000216 345,310,369,360,0 298,302,320,357,0 
../datasets/youtube/perso/DJI_0065.mp4/frame_000217 296,301,320,359,0 346,313,370,359,0 
../datasets/youtube/perso/DJI_0065.mp4/frame_000218 297,303,321,359,0 348,314,372,359,0 
../datasets/youtube/perso/DJI_0065.mp4/frame_000219 347,319,371,358,0 299,306,322,359,0 
../datasets/youtube/perso/DJI_0065.mp4/frame_000220 298,307,321,359,0 347,318,371,359,0 
../datasets/youtube/perso/DJI_0065.mp4/frame_000221 348,322,372,359,0 298,309,321,359,0 
../datasets/youtube/perso/DJI_0065.mp4/frame_000222 350,326,374,359,0 298,313,321,359,0 
../datasets/youtube/perso/DJI_0065.mp4/frame_000223 350,326,374,359,0 299,312,322,359,0 
../datasets/youtube/perso/DJI_0065.mp4/frame_000224 350,328,374,360,0 298,313,321,359,0 
../datasets/youtube/perso/DJI_0065.mp4/frame_000225 347,330,376,359,0 298,314,321,359,0 
../datasets/youtube/perso/DJI_0065.mp4/frame_000226 298,321,321,359,0 352,336,376,360,0 
../datasets/youtube/perso/DJI_0065.mp4/frame_000227 354,336,376,360,0 298,324,321,360,0 
../datasets/youtube/perso/DJI_0065.mp4/frame_000228 298,324,321,360,0 356,342,374,360,0 
../datasets/youtube/perso/DJI_0065.mp4/frame_000229 298,329,321,359,0 356,343,374,359,0 
../datasets/youtube/perso/DJI_0065.mp4/frame_000230 298,330,321,359,0 359,347,373,359,0 
../datasets/youtube/perso/DJI_0065.mp4/frame_000231 300,336,321,360,0 359,349,370,359,0 
../datasets/youtube/perso/DJI_0065.mp4/frame_000232 298,339,321,359,0 
../datasets/youtube/perso/DJI_0065.mp4/frame_000233 298,340,321,359,0 
../datasets/youtube/perso/DJI_0065.mp4/frame_000234 298,339,321,359,0 
../datasets/youtube/perso/DJI_0065.mp4/frame_000235 298,346,321,360,0 
